Eval of H: 
ACC: 0.7970867840119298
SEN: 0.6619616359030039
PPV: 0.7560975609756098
MCC: 0.5548978365739108
Eval of E: 
ACC: 0.7941043325433388
SEN: 0.6930930930930931
PPV: 0.5270850461313602
MCC: 0.4716039541300994
Eval of C: 
ACC: 0.7458525284264905
SEN: 0.6611302147537793
PPV: 0.702225897594928
MCC: 0.4707335614014624


Q3:  0.6685218224908795
ACC Average:  0.779014548327253
MCC Average:  0.4990784507018242
SEN Average:  0.6720616479166255
PPV Average:  0.6618028349006327
