Eval of H: 
ACC: 0.8032866738450495
SEN: 0.6455254982192923
PPV: 0.7398818829251346
MCC: 0.5492335490993917
Eval of E: 
ACC: 0.7822899041173152
SEN: 0.7010511724615918
PPV: 0.5068905036331747
MCC: 0.45635097856708257
Eval of C: 
ACC: 0.7446290314310618
SEN: 0.6620219216417911
PPV: 0.7316837425091823
MCC: 0.4781287246501006


Q3:  0.6651028046967133
ACC Average:  0.7767352031311422
MCC Average:  0.494571084105525
SEN Average:  0.6695328641075583
PPV Average:  0.6594853763558306
